resnet34_bezierlanenet_tusimple-aug2: 0.9558540661052278
resnet18_bezierlanenet_tusimple-aug2: 0.9510469086987715
resnet18_bezierlanenet_tusimple-aug2: 0.9519942187874385
resnet18_bezierlanenet_tusimple-aug3: 0.9473282753072435
resnet18_bezierlanenet_tusimple_winter-aug2: 0.947845524802294
resnet18_bezierlanenet_tusimple_winter-aug2: 0.34586606928896696
resnet18_bezierlanenet_tusimple_winter-aug2: 0.34456625928588613
resnet18_bezierlanenet_tusimple_winter-aug2: 0.9530442299133826
resnet18_bezierlanenet_tusimple-aug4_mixall: 0.9508800195131937
resnet18_bezierlanenet_tusimple-aug4_mixall: 0.9575192136523861
resnet18_bezierlanenet_culane-aug2_mixall: 72.43768984731749
resnet18_bezierlanenet_culane-aug2_mixall_22: 73.18398647424672
resnet18_bezierlanenet_culane-aug_atten_1101: 73.18398647424672
resnet18_bezierlanenet_culane-aug2_atten_1101: 73.18398647424672
