resnet18_tusimple_aug1b_large_kernel_attn: 0.9573849534421921
resnet18_tusimple_aug1b_large_kernel_attn: 0.9573849534421921
resnet18_tusimple_aug1b_large_kernel_attn_no_shortcut: 0.9589372368285839
resnet18_tusimple_aug1b_large_kernel_attn_add_shortcut_more_linear: 0.9588693043716376
resnet18_tusimple_aug1b_large_kernel_attn_no_shortcut_more_linear: 0.9570174762931754
