file: ./output/out0_normal.txt
tp: 28894 fp: 2575 fn: 3883
precision: 0.918173
recall: 0.881533
Fmeasure: 0.899480

