file: ./output/out0_normal.txt
tp: 29561 fp: 2449 fn: 3216
precision: 0.923493
recall: 0.901882
Fmeasure: 0.912560

