file: ./output/out1_crowd.txt
tp: 19455 fp: 5621 fn: 8548
precision: 0.775841
recall: 0.694747
Fmeasure: 0.733058

