file: ./output/out1_crowd.txt
tp: 18892 fp: 6406 fn: 9111
precision: 0.746778
recall: 0.674642
Fmeasure: 0.708880

