file: ./output/out2_hlight.txt
tp: 1022 fp: 337 fn: 663
precision: 0.752024
recall: 0.606528
Fmeasure: 0.671485

