file: ./output/out2_hlight.txt
tp: 1008 fp: 428 fn: 677
precision: 0.701950
recall: 0.598220
Fmeasure: 0.645947

