file: ./output/out2_hlight.txt
tp: 1002 fp: 378 fn: 683
precision: 0.726087
recall: 0.594659
Fmeasure: 0.653834

