file: ./output/out3_shadow.txt
tp: 1916 fp: 678 fn: 960
precision: 0.738628
recall: 0.666203
Fmeasure: 0.700548

