file: ./output/out3_shadow.txt
tp: 1915 fp: 733 fn: 961
precision: 0.723187
recall: 0.665855
Fmeasure: 0.693338

