file: ./output/out4_noline.txt
tp: 5462 fp: 4211 fn: 8559
precision: 0.564665
recall: 0.389559
Fmeasure: 0.461045

