file: ./output/out4_noline.txt
tp: 5745 fp: 4191 fn: 8276
precision: 0.578200
recall: 0.409743
Fmeasure: 0.479609

