file: ./output/out5_arrow.txt
tp: 2579 fp: 339 fn: 603
precision: 0.883825
recall: 0.810497
Fmeasure: 0.845574

