file: ./output/out5_arrow.txt
tp: 2659 fp: 287 fn: 523
precision: 0.902580
recall: 0.835638
Fmeasure: 0.867820

