file: ./output/out5_arrow.txt
tp: 2507 fp: 338 fn: 675
precision: 0.881195
recall: 0.787869
Fmeasure: 0.831923

