file: ./output/out6_curve.txt
tp: 694 fp: 244 fn: 618
precision: 0.739872
recall: 0.528963
Fmeasure: 0.616889

