file: ./output/out6_curve.txt
tp: 652 fp: 237 fn: 660
precision: 0.733408
recall: 0.496951
Fmeasure: 0.592458

