file: ./output/out7_cross.txt
tp: 0 fp: 936 fn: 0
precision: 0.000000
recall: 0.000000
Fmeasure: 0.000000

