file: ./output/out8_night.txt
tp: 13750 fp: 4301 fn: 7280
precision: 0.761731
recall: 0.653828
Fmeasure: 0.703667

