file: ./output/out8_night.txt
tp: 13396 fp: 5048 fn: 7634
precision: 0.726307
recall: 0.636995
Fmeasure: 0.678725

