file: ./output/out8_night.txt
tp: 13000 fp: 4936 fn: 8030
precision: 0.724799
recall: 0.618165
Fmeasure: 0.667248

